-1 -1
-1 -10
-1 -2
-1 -3
-1 -4
-1 -5
-1 -6
-1 -7
-1 -8
-1 -9
-1 0
-1 1
-1 10
-1 11
-1 12
-1 13
-1 14
-1 15
-1 16
-1 17
-1 18
-1 19
-1 2
-1 20
-1 21
-1 22
-1 23
-1 24
-1 25
-1 3
-1 4
-1 5
-1 6
-1 7
-1 8
-1 9
-10 -1
-10 -10
-10 -11
-10 -12
-10 -13
-10 -14
-10 -15
-10 -16
-10 -17
-10 -18
-10 -19
-10 -2
-10 -20
-10 -21
-10 -22
-10 -23
-10 -24
-10 -25
-10 -26
-10 -27
-10 -3
-10 -4
-10 -5
-10 -6
-10 -7
-10 -8
-10 -9
-10 0
-10 1
-10 10
-10 11
-10 12
-10 13
-10 14
-10 15
-10 16
-10 17
-10 18
-10 19
-10 2
-10 20
-10 21
-10 22
-10 23
-10 24
-10 25
-10 26
-10 27
-10 3
-10 4
-10 5
-10 6
-10 7
-10 8
-10 9
-11 -10
-11 -11
-11 -12
-11 -13
-11 -14
-11 -15
-11 -16
-11 -17
-11 -18
-11 -19
-11 -2
-11 -20
-11 -21
-11 -22
-11 -23
-11 -24
-11 -25
-11 -26
-11 -27
-11 -3
-11 -4
-11 -5
-11 -6
-11 -7
-11 -8
-11 -9
-11 0
-11 1
-11 10
-11 11
-11 12
-11 13
-11 14
-11 15
-11 16
-11 17
-11 18
-11 19
-11 2
-11 20
-11 21
-11 22
-11 23
-11 24
-11 25
-11 26
-11 27
-11 3
-11 4
-11 5
-11 6
-11 7
-11 8
-11 9
-12 -10
-12 -11
-12 -12
-12 -13
-12 -14
-12 -15
-12 -16
-12 -17
-12 -18
-12 -19
-12 -20
-12 -21
-12 -22
-12 -23
-12 -24
-12 -25
-12 -26
-12 -27
-12 -28
-12 -3
-12 -4
-12 -5
-12 -6
-12 -7
-12 -8
-12 -9
-12 1
-12 10
-12 11
-12 12
-12 13
-12 14
-12 15
-12 16
-12 17
-12 18
-12 19
-12 2
-12 20
-12 21
-12 22
-12 23
-12 24
-12 25
-12 26
-12 27
-12 3
-12 4
-12 5
-12 6
-12 7
-12 8
-12 9
-13 -10
-13 -11
-13 -12
-13 -13
-13 -14
-13 -15
-13 -16
-13 -17
-13 -18
-13 -19
-13 -20
-13 -21
-13 -22
-13 -23
-13 -24
-13 -25
-13 -26
-13 -27
-13 -28
-13 -3
-13 -4
-13 -5
-13 -6
-13 -7
-13 -8
-13 -9
-13 1
-13 10
-13 11
-13 12
-13 13
-13 14
-13 15
-13 16
-13 17
-13 18
-13 19
-13 2
-13 20
-13 21
-13 22
-13 23
-13 24
-13 25
-13 26
-13 27
-13 3
-13 4
-13 5
-13 57
-13 58
-13 59
-13 6
-13 60
-13 61
-13 62
-13 63
-13 64
-13 7
-13 8
-13 9
-14 -10
-14 -11
-14 -12
-14 -13
-14 -14
-14 -15
-14 -16
-14 -17
-14 -18
-14 -19
-14 -20
-14 -21
-14 -22
-14 -23
-14 -24
-14 -25
-14 -26
-14 -27
-14 -28
-14 -5
-14 -6
-14 -7
-14 -8
-14 -9
-14 10
-14 11
-14 12
-14 13
-14 14
-14 15
-14 16
-14 17
-14 18
-14 19
-14 20
-14 21
-14 22
-14 23
-14 24
-14 25
-14 26
-14 27
-14 3
-14 4
-14 5
-14 55
-14 56
-14 57
-14 58
-14 59
-14 6
-14 60
-14 61
-14 62
-14 63
-14 64
-14 65
-14 66
-14 67
-14 7
-14 8
-14 9
-15 -10
-15 -11
-15 -12
-15 -13
-15 -14
-15 -15
-15 -16
-15 -17
-15 -18
-15 -19
-15 -20
-15 -21
-15 -22
-15 -23
-15 -24
-15 -25
-15 -26
-15 -27
-15 -28
-15 -5
-15 -6
-15 -7
-15 -8
-15 -9
-15 13
-15 14
-15 15
-15 16
-15 17
-15 18
-15 19
-15 20
-15 21
-15 22
-15 23
-15 24
-15 25
-15 26
-15 27
-15 55
-15 56
-15 57
-15 58
-15 59
-15 60
-15 61
-15 62
-15 63
-15 64
-15 65
-15 66
-15 67
-15 68
-15 69
-16 -10
-16 -11
-16 -12
-16 -13
-16 -14
-16 -15
-16 -16
-16 -17
-16 -18
-16 -19
-16 -20
-16 -21
-16 -22
-16 -23
-16 -24
-16 -25
-16 -26
-16 -27
-16 -28
-16 -6
-16 -7
-16 -8
-16 -9
-16 14
-16 15
-16 16
-16 17
-16 18
-16 19
-16 20
-16 21
-16 22
-16 23
-16 24
-16 25
-16 26
-16 27
-16 54
-16 55
-16 56
-16 57
-16 58
-16 59
-16 60
-16 61
-16 62
-16 63
-16 64
-16 65
-16 66
-16 67
-16 68
-16 69
-17 -10
-17 -11
-17 -12
-17 -13
-17 -14
-17 -15
-17 -16
-17 -17
-17 -18
-17 -19
-17 -20
-17 -21
-17 -22
-17 -23
-17 -24
-17 -25
-17 -26
-17 -27
-17 -28
-17 -6
-17 -7
-17 -8
-17 -9
-17 15
-17 16
-17 17
-17 18
-17 19
-17 20
-17 21
-17 22
-17 23
-17 24
-17 25
-17 26
-17 54
-17 55
-17 56
-17 57
-17 58
-17 59
-17 60
-17 61
-17 62
-17 63
-17 64
-17 65
-17 66
-17 67
-17 68
-17 69
-17 70
-18 -10
-18 -11
-18 -12
-18 -13
-18 -14
-18 -15
-18 -16
-18 -17
-18 -18
-18 -19
-18 -20
-18 -21
-18 -22
-18 -23
-18 -24
-18 -25
-18 -26
-18 -27
-18 -8
-18 -9
-18 16
-18 17
-18 18
-18 19
-18 20
-18 21
-18 22
-18 23
-18 24
-18 25
-18 26
-18 27
-18 28
-18 29
-18 30
-18 54
-18 55
-18 56
-18 57
-18 58
-18 59
-18 60
-18 61
-18 62
-18 63
-18 64
-18 65
-18 66
-18 67
-18 68
-18 69
-18 70
-19 -10
-19 -11
-19 -12
-19 -13
-19 -14
-19 -15
-19 -16
-19 -17
-19 -18
-19 -19
-19 -20
-19 -21
-19 -22
-19 -23
-19 -24
-19 -25
-19 -26
-19 -27
-19 -8
-19 -9
-19 17
-19 18
-19 19
-19 20
-19 21
-19 22
-19 23
-19 24
-19 25
-19 26
-19 27
-19 28
-19 29
-19 30
-19 31
-19 32
-19 33
-19 34
-19 35
-19 54
-19 55
-19 56
-19 57
-19 58
-19 59
-19 60
-19 61
-19 62
-19 63
-19 64
-19 65
-19 66
-19 67
-19 68
-19 69
-19 70
-2 -1
-2 -10
-2 -11
-2 -2
-2 -3
-2 -4
-2 -5
-2 -6
-2 -7
-2 -8
-2 -9
-2 0
-2 1
-2 10
-2 11
-2 12
-2 13
-2 14
-2 15
-2 16
-2 17
-2 18
-2 19
-2 2
-2 20
-2 21
-2 22
-2 23
-2 24
-2 3
-2 4
-2 5
-2 6
-2 7
-2 8
-2 9
-20 -10
-20 -11
-20 -12
-20 -13
-20 -14
-20 -15
-20 -16
-20 -17
-20 -18
-20 -19
-20 -20
-20 -21
-20 -22
-20 -23
-20 -24
-20 -25
-20 -26
-20 -8
-20 -9
-20 19
-20 20
-20 21
-20 22
-20 23
-20 24
-20 25
-20 26
-20 27
-20 28
-20 29
-20 30
-20 31
-20 32
-20 33
-20 34
-20 35
-20 36
-20 54
-20 55
-20 56
-20 57
-20 58
-20 59
-20 60
-20 61
-20 62
-20 63
-20 64
-20 65
-20 66
-20 67
-20 68
-20 69
-20 70
-21 -10
-21 -11
-21 -12
-21 -13
-21 -14
-21 -15
-21 -16
-21 -17
-21 -18
-21 -19
-21 -20
-21 -21
-21 -22
-21 -23
-21 -24
-21 -25
-21 -8
-21 -9
-21 28
-21 29
-21 30
-21 31
-21 32
-21 33
-21 34
-21 35
-21 36
-21 54
-21 55
-21 56
-21 57
-21 58
-21 59
-21 60
-21 61
-21 62
-21 63
-21 64
-21 65
-21 66
-21 67
-21 68
-21 69
-21 70
-22 -10
-22 -11
-22 -12
-22 -13
-22 -14
-22 -15
-22 -16
-22 -17
-22 -18
-22 -19
-22 -20
-22 -21
-22 -22
-22 -23
-22 -24
-22 -25
-22 -8
-22 -9
-22 32
-22 33
-22 34
-22 35
-22 36
-22 37
-22 38
-22 54
-22 55
-22 56
-22 57
-22 58
-22 59
-22 60
-22 61
-22 62
-22 63
-22 64
-22 65
-22 66
-22 67
-22 68
-22 69
-22 70
-23 -10
-23 -11
-23 -12
-23 -13
-23 -14
-23 -15
-23 -16
-23 -17
-23 -18
-23 -19
-23 -20
-23 -21
-23 -22
-23 -23
-23 -24
-23 -8
-23 -9
-23 34
-23 35
-23 36
-23 37
-23 38
-23 39
-23 55
-23 56
-23 57
-23 58
-23 59
-23 60
-23 61
-23 62
-23 63
-23 64
-23 65
-23 66
-23 67
-23 68
-23 69
-23 70
-23 71
-23 72
-24 -10
-24 -11
-24 -12
-24 -13
-24 -14
-24 -15
-24 -16
-24 -17
-24 -18
-24 -19
-24 -20
-24 -21
-24 -22
-24 -23
-24 -24
-24 -8
-24 -9
-24 34
-24 35
-24 36
-24 37
-24 38
-24 39
-24 55
-24 56
-24 57
-24 58
-24 59
-24 60
-24 61
-24 62
-24 63
-24 64
-24 65
-24 66
-24 67
-24 68
-24 69
-24 70
-24 71
-24 72
-25 -10
-25 -11
-25 -12
-25 -13
-25 -14
-25 -15
-25 -16
-25 -17
-25 -18
-25 -19
-25 -20
-25 -21
-25 -22
-25 -23
-25 -8
-25 -9
-25 35
-25 36
-25 37
-25 38
-25 39
-25 55
-25 56
-25 57
-25 58
-25 59
-25 60
-25 61
-25 62
-25 63
-25 64
-25 65
-25 66
-25 67
-25 68
-25 69
-25 70
-25 71
-25 72
-25 73
-26 -10
-26 -11
-26 -12
-26 -13
-26 -14
-26 -15
-26 -16
-26 -17
-26 -18
-26 -19
-26 -20
-26 -21
-26 -22
-26 -23
-26 -8
-26 -9
-26 36
-26 37
-26 38
-26 39
-26 55
-26 56
-26 57
-26 58
-26 59
-26 60
-26 61
-26 62
-26 63
-26 64
-26 65
-26 66
-26 67
-26 68
-26 69
-26 70
-26 71
-26 72
-26 73
-27 -10
-27 -11
-27 -12
-27 -13
-27 -14
-27 -15
-27 -16
-27 -17
-27 -18
-27 -19
-27 -20
-27 -21
-27 -22
-27 -8
-27 -9
-27 37
-27 38
-27 39
-27 40
-27 55
-27 56
-27 57
-27 58
-27 59
-27 60
-27 61
-27 62
-27 63
-27 64
-27 65
-27 66
-27 67
-27 68
-27 69
-27 70
-27 71
-27 72
-27 73
-28 -10
-28 -11
-28 -12
-28 -13
-28 -14
-28 -15
-28 -16
-28 -17
-28 -18
-28 -19
-28 -20
-28 -21
-28 -22
-28 -8
-28 -9
-28 37
-28 38
-28 39
-28 40
-28 41
-28 56
-28 57
-28 58
-28 59
-28 60
-28 61
-28 62
-28 63
-28 64
-28 65
-28 66
-28 67
-28 68
-28 69
-28 70
-28 71
-28 72
-28 73
-29 -10
-29 -11
-29 -12
-29 -13
-29 -14
-29 -15
-29 -16
-29 -17
-29 -18
-29 -19
-29 -20
-29 -21
-29 -22
-29 -8
-29 -9
-29 37
-29 38
-29 39
-29 40
-29 41
-29 56
-29 57
-29 58
-29 59
-29 60
-29 61
-29 62
-29 63
-29 64
-29 65
-29 66
-29 67
-29 68
-29 69
-29 70
-29 71
-29 72
-29 73
-3 -1
-3 -10
-3 -11
-3 -12
-3 -2
-3 -3
-3 -4
-3 -5
-3 -6
-3 -7
-3 -8
-3 -9
-3 0
-3 1
-3 10
-3 11
-3 12
-3 13
-3 14
-3 15
-3 16
-3 17
-3 18
-3 19
-3 2
-3 20
-3 21
-3 22
-3 23
-3 3
-3 4
-3 5
-3 6
-3 7
-3 8
-3 9
-30 -10
-30 -11
-30 -12
-30 -13
-30 -14
-30 -15
-30 -16
-30 -17
-30 -18
-30 -19
-30 -20
-30 -21
-30 -22
-30 -8
-30 -9
-30 38
-30 39
-30 40
-30 41
-30 42
-30 57
-30 58
-30 59
-30 60
-30 61
-30 62
-30 63
-30 64
-30 65
-30 66
-30 67
-30 68
-30 69
-30 70
-30 71
-30 72
-30 73
-31 -10
-31 -11
-31 -12
-31 -13
-31 -14
-31 -15
-31 -16
-31 -17
-31 -18
-31 -19
-31 -20
-31 -21
-31 -8
-31 -9
-31 39
-31 40
-31 41
-31 42
-31 43
-31 59
-31 60
-31 61
-31 62
-31 63
-31 64
-31 65
-31 66
-31 67
-31 68
-31 69
-31 70
-31 71
-31 72
-32 -10
-32 -11
-32 -12
-32 -13
-32 -14
-32 -15
-32 -16
-32 -17
-32 -18
-32 -19
-32 -20
-32 -21
-32 -9
-32 39
-32 40
-32 41
-32 42
-32 43
-32 44
-32 45
-32 57
-32 58
-32 59
-32 60
-32 61
-32 62
-32 63
-32 64
-32 65
-32 66
-32 67
-32 68
-32 69
-32 70
-32 71
-32 72
-33 -10
-33 -11
-33 -12
-33 -13
-33 -14
-33 -15
-33 -16
-33 -17
-33 -18
-33 -19
-33 -9
-33 40
-33 41
-33 42
-33 43
-33 44
-33 45
-33 46
-33 56
-33 57
-33 58
-33 59
-33 60
-33 61
-33 62
-33 63
-33 64
-33 65
-33 66
-33 67
-33 68
-33 69
-33 70
-34 -11
-34 -12
-34 -13
-34 -14
-34 -15
-34 -16
-34 41
-34 42
-34 43
-34 44
-34 45
-34 46
-34 47
-34 48
-34 49
-34 50
-34 53
-34 54
-34 55
-34 56
-34 57
-34 58
-34 59
-34 60
-34 61
-34 62
-34 63
-34 64
-34 65
-34 66
-34 67
-34 68
-35 43
-35 44
-35 45
-35 46
-35 47
-35 48
-35 49
-35 50
-35 51
-35 52
-35 53
-35 54
-35 55
-35 56
-35 57
-35 58
-35 59
-35 60
-35 61
-35 62
-35 63
-35 64
-35 65
-35 66
-35 67
-35 68
-36 44
-36 45
-36 46
-36 47
-36 48
-36 49
-36 50
-36 51
-36 52
-36 53
-36 54
-36 55
-36 56
-36 57
-36 58
-36 62
-36 63
-36 64
-36 65
-36 66
-37 48
-37 49
-37 50
-37 51
-37 52
-37 53
-37 54
-37 55
-4 -1
-4 -10
-4 -11
-4 -12
-4 -13
-4 -2
-4 -3
-4 -4
-4 -5
-4 -6
-4 -7
-4 -8
-4 -9
-4 0
-4 1
-4 10
-4 11
-4 12
-4 13
-4 14
-4 15
-4 16
-4 17
-4 18
-4 19
-4 2
-4 20
-4 21
-4 22
-4 23
-4 24
-4 3
-4 4
-4 5
-4 6
-4 7
-4 8
-4 9
-5 -1
-5 -10
-5 -11
-5 -12
-5 -13
-5 -14
-5 -15
-5 -16
-5 -17
-5 -18
-5 -19
-5 -2
-5 -20
-5 -3
-5 -4
-5 -5
-5 -6
-5 -7
-5 -8
-5 -9
-5 0
-5 1
-5 10
-5 11
-5 12
-5 13
-5 14
-5 15
-5 16
-5 17
-5 18
-5 19
-5 2
-5 20
-5 21
-5 22
-5 23
-5 24
-5 3
-5 4
-5 5
-5 6
-5 7
-5 8
-5 9
-6 -1
-6 -10
-6 -11
-6 -12
-6 -13
-6 -14
-6 -15
-6 -16
-6 -17
-6 -18
-6 -19
-6 -2
-6 -20
-6 -21
-6 -22
-6 -3
-6 -4
-6 -5
-6 -6
-6 -7
-6 -8
-6 -9
-6 0
-6 1
-6 10
-6 11
-6 12
-6 13
-6 14
-6 15
-6 16
-6 17
-6 18
-6 19
-6 2
-6 20
-6 21
-6 22
-6 23
-6 24
-6 25
-6 3
-6 4
-6 5
-6 6
-6 7
-6 8
-6 9
-7 -1
-7 -10
-7 -11
-7 -12
-7 -13
-7 -14
-7 -15
-7 -16
-7 -17
-7 -18
-7 -19
-7 -2
-7 -20
-7 -21
-7 -22
-7 -23
-7 -24
-7 -3
-7 -4
-7 -5
-7 -6
-7 -7
-7 -8
-7 -9
-7 0
-7 1
-7 10
-7 11
-7 12
-7 13
-7 14
-7 15
-7 16
-7 17
-7 18
-7 19
-7 2
-7 20
-7 21
-7 22
-7 23
-7 24
-7 25
-7 3
-7 4
-7 5
-7 6
-7 7
-7 8
-7 9
-8 -1
-8 -10
-8 -11
-8 -12
-8 -13
-8 -14
-8 -15
-8 -16
-8 -17
-8 -18
-8 -19
-8 -2
-8 -20
-8 -21
-8 -22
-8 -23
-8 -24
-8 -3
-8 -4
-8 -5
-8 -6
-8 -7
-8 -8
-8 -9
-8 0
-8 1
-8 10
-8 11
-8 12
-8 13
-8 14
-8 15
-8 16
-8 17
-8 18
-8 19
-8 2
-8 20
-8 21
-8 22
-8 23
-8 24
-8 25
-8 26
-8 3
-8 4
-8 5
-8 6
-8 7
-8 8
-8 9
-9 -1
-9 -10
-9 -11
-9 -12
-9 -13
-9 -14
-9 -15
-9 -16
-9 -17
-9 -18
-9 -19
-9 -2
-9 -20
-9 -21
-9 -22
-9 -23
-9 -24
-9 -25
-9 -3
-9 -4
-9 -5
-9 -6
-9 -7
-9 -8
-9 -9
-9 0
-9 1
-9 10
-9 11
-9 12
-9 13
-9 14
-9 15
-9 16
-9 17
-9 18
-9 19
-9 2
-9 20
-9 21
-9 22
-9 23
-9 24
-9 25
-9 26
-9 3
-9 4
-9 5
-9 6
-9 7
-9 8
-9 9
0 -1
0 -2
0 -3
0 -4
0 -5
0 -6
0 -7
0 -8
0 -9
0 0
0 1
0 10
0 11
0 12
0 13
0 14
0 15
0 16
0 17
0 18
0 19
0 2
0 20
0 21
0 22
0 23
0 24
0 25
0 26
0 27
0 28
0 29
0 3
0 4
0 5
0 6
0 7
0 8
0 9
1 -1
1 -2
1 -3
1 -4
1 -5
1 -6
1 -7
1 0
1 1
1 10
1 11
1 12
1 13
1 14
1 15
1 16
1 17
1 18
1 19
1 2
1 20
1 21
1 22
1 23
1 24
1 25
1 26
1 27
1 28
1 29
1 3
1 30
1 31
1 32
1 4
1 5
1 6
1 7
1 8
1 9
10 -1
10 -10
10 -11
10 -12
10 -13
10 -2
10 -3
10 -4
10 -5
10 -6
10 -7
10 -8
10 -9
10 0
10 1
10 10
10 11
10 12
10 13
10 14
10 15
10 16
10 17
10 18
10 2
10 3
10 4
10 42
10 43
10 44
10 45
10 46
10 47
10 48
10 49
10 5
10 50
10 6
10 7
10 8
10 85
10 86
10 87
10 88
10 89
10 9
10 90
10 91
10 92
10 93
10 94
11 -1
11 -10
11 -11
11 -12
11 -13
11 -14
11 -2
11 -3
11 -4
11 -5
11 -6
11 -7
11 -8
11 -9
11 0
11 1
11 10
11 11
11 12
11 13
11 14
11 15
11 16
11 2
11 3
11 4
11 44
11 45
11 46
11 48
11 49
11 5
11 50
11 51
11 52
11 53
11 54
11 55
11 56
11 57
11 58
11 59
11 6
11 60
11 61
11 7
11 8
11 85
11 86
11 87
11 88
11 89
11 9
11 90
11 91
11 92
11 93
11 94
11 95
11 96
12 -1
12 -10
12 -11
12 -12
12 -13
12 -14
12 -15
12 -16
12 -2
12 -3
12 -4
12 -5
12 -6
12 -7
12 -8
12 -9
12 0
12 1
12 10
12 11
12 12
12 13
12 14
12 15
12 2
12 3
12 4
12 48
12 49
12 5
12 50
12 51
12 52
12 53
12 54
12 55
12 56
12 57
12 58
12 59
12 6
12 60
12 61
12 62
12 7
12 8
12 84
12 85
12 86
12 87
12 88
12 89
12 9
12 90
12 91
12 92
12 93
12 94
12 95
12 96
13 -1
13 -10
13 -11
13 -12
13 -13
13 -14
13 -15
13 -16
13 -17
13 -18
13 -2
13 -3
13 -4
13 -5
13 -6
13 -7
13 -8
13 -9
13 0
13 1
13 10
13 11
13 12
13 13
13 14
13 15
13 2
13 3
13 4
13 48
13 49
13 5
13 50
13 51
13 52
13 53
13 54
13 55
13 56
13 57
13 58
13 59
13 6
13 60
13 61
13 62
13 63
13 64
13 65
13 66
13 67
13 68
13 69
13 7
13 70
13 71
13 72
13 73
13 74
13 75
13 76
13 77
13 78
13 79
13 8
13 80
13 81
13 82
13 83
13 84
13 85
13 86
13 87
13 88
13 89
13 9
13 90
13 91
13 92
13 93
13 94
13 95
13 96
13 97
14 -1
14 -10
14 -11
14 -12
14 -13
14 -14
14 -15
14 -16
14 -17
14 -18
14 -19
14 -2
14 -3
14 -4
14 -5
14 -6
14 -7
14 -8
14 -9
14 0
14 1
14 10
14 11
14 12
14 13
14 14
14 2
14 3
14 4
14 48
14 49
14 5
14 50
14 51
14 52
14 53
14 54
14 55
14 56
14 57
14 58
14 59
14 6
14 60
14 61
14 62
14 63
14 64
14 65
14 66
14 67
14 68
14 69
14 7
14 70
14 71
14 72
14 73
14 74
14 75
14 76
14 77
14 78
14 79
14 8
14 80
14 81
14 82
14 83
14 84
14 85
14 86
14 87
14 88
14 89
14 9
14 90
14 91
14 92
14 93
14 94
14 95
14 96
14 97
15 -1
15 -10
15 -11
15 -12
15 -13
15 -14
15 -15
15 -16
15 -17
15 -18
15 -19
15 -2
15 -3
15 -4
15 -5
15 -6
15 -7
15 -8
15 -9
15 0
15 1
15 10
15 11
15 12
15 13
15 14
15 2
15 3
15 4
15 5
15 6
15 60
15 61
15 62
15 63
15 64
15 65
15 66
15 67
15 68
15 69
15 7
15 70
15 71
15 72
15 73
15 74
15 75
15 76
15 77
15 78
15 79
15 8
15 80
15 81
15 82
15 83
15 84
15 85
15 86
15 87
15 88
15 89
15 9
15 90
15 91
15 92
15 93
15 94
15 95
15 96
15 97
16 -1
16 -10
16 -11
16 -12
16 -13
16 -14
16 -15
16 -16
16 -17
16 -18
16 -19
16 -2
16 -20
16 -3
16 -4
16 -5
16 -6
16 -7
16 -8
16 -9
16 0
16 1
16 10
16 11
16 12
16 13
16 2
16 3
16 4
16 5
16 6
16 67
16 68
16 69
16 7
16 70
16 71
16 72
16 73
16 74
16 75
16 76
16 77
16 78
16 79
16 8
16 80
16 81
16 82
16 83
16 84
16 85
16 86
16 87
16 88
16 89
16 9
16 90
16 91
16 92
16 93
16 94
16 95
16 96
16 97
17 -1
17 -10
17 -11
17 -12
17 -13
17 -14
17 -15
17 -16
17 -17
17 -18
17 -19
17 -2
17 -20
17 -3
17 -4
17 -5
17 -6
17 -7
17 -8
17 -9
17 0
17 1
17 10
17 11
17 12
17 13
17 2
17 3
17 4
17 5
17 6
17 7
17 8
17 82
17 83
17 84
17 85
17 86
17 87
17 88
17 89
17 9
17 90
17 91
17 92
17 93
17 94
17 95
17 96
17 97
18 -1
18 -10
18 -11
18 -12
18 -13
18 -14
18 -15
18 -16
18 -17
18 -18
18 -19
18 -2
18 -20
18 -3
18 -4
18 -5
18 -6
18 -7
18 -8
18 -9
18 0
18 1
18 10
18 11
18 2
18 3
18 4
18 5
18 6
18 7
18 8
18 82
18 83
18 84
18 85
18 86
18 87
18 88
18 89
18 9
18 90
18 91
18 92
18 93
18 94
18 95
18 96
18 97
19 -1
19 -10
19 -11
19 -12
19 -13
19 -14
19 -15
19 -16
19 -17
19 -18
19 -19
19 -2
19 -20
19 -3
19 -4
19 -5
19 -6
19 -7
19 -8
19 -9
19 0
19 1
19 2
19 3
19 4
19 5
19 6
19 7
19 8
19 82
19 83
19 84
19 85
19 86
19 87
19 88
19 89
19 90
19 91
19 92
19 93
19 94
19 95
19 96
19 97
2 -1
2 -2
2 -3
2 -4
2 -5
2 -6
2 -7
2 0
2 1
2 10
2 11
2 12
2 13
2 14
2 15
2 16
2 17
2 18
2 19
2 2
2 20
2 21
2 22
2 23
2 24
2 25
2 26
2 27
2 28
2 29
2 3
2 30
2 31
2 32
2 33
2 34
2 35
2 36
2 4
2 5
2 6
2 7
2 8
2 9
20 -1
20 -10
20 -11
20 -12
20 -13
20 -14
20 -15
20 -16
20 -17
20 -18
20 -19
20 -2
20 -20
20 -3
20 -4
20 -5
20 -6
20 -7
20 -8
20 -9
20 0
20 1
20 2
20 3
20 4
20 5
20 6
20 7
20 82
20 83
20 84
20 85
20 86
20 87
20 88
20 89
20 90
20 91
20 92
20 93
20 94
20 95
20 96
21 -1
21 -10
21 -11
21 -12
21 -13
21 -14
21 -15
21 -16
21 -17
21 -18
21 -19
21 -2
21 -20
21 -3
21 -4
21 -5
21 -6
21 -7
21 -8
21 -9
21 0
21 1
21 2
21 3
21 4
21 5
21 6
21 7
21 82
21 83
21 84
21 85
21 86
21 87
21 88
21 89
21 90
21 91
21 92
21 93
21 94
21 95
21 96
22 -1
22 -10
22 -11
22 -12
22 -13
22 -14
22 -15
22 -16
22 -17
22 -18
22 -19
22 -2
22 -20
22 -3
22 -4
22 -5
22 -6
22 -7
22 -8
22 -9
22 0
22 1
22 2
22 3
22 4
22 5
22 83
22 84
22 85
22 86
22 87
22 88
22 89
22 90
22 91
22 92
22 93
22 94
22 95
23 -10
23 -11
23 -12
23 -13
23 -14
23 -15
23 -16
23 -17
23 -18
23 -19
23 -5
23 -6
23 -7
23 -8
23 -9
23 83
23 84
23 85
23 86
23 87
23 88
23 89
23 90
23 91
23 92
23 93
23 94
23 95
24 -10
24 -11
24 -12
24 -13
24 -14
24 -15
24 -16
24 -17
24 -18
24 -19
24 -8
24 -9
24 84
24 85
24 86
24 87
24 88
24 89
24 90
24 91
24 92
24 93
24 94
24 95
25 -10
25 -11
25 -12
25 -13
25 -14
25 -15
25 -16
25 -17
25 85
25 86
25 87
25 88
25 89
25 90
25 91
25 92
25 93
25 94
26 85
26 86
26 87
26 88
26 89
26 90
26 91
26 92
26 93
26 94
27 87
27 88
27 89
27 90
27 91
27 92
3 -1
3 -2
3 -3
3 -4
3 -5
3 -6
3 -7
3 0
3 1
3 10
3 11
3 12
3 13
3 14
3 15
3 16
3 17
3 18
3 19
3 2
3 20
3 21
3 24
3 25
3 26
3 27
3 28
3 29
3 3
3 30
3 31
3 32
3 33
3 34
3 35
3 36
3 37
3 38
3 39
3 4
3 40
3 41
3 42
3 5
3 6
3 7
3 8
3 9
4 -1
4 -2
4 -3
4 -4
4 -5
4 -6
4 -7
4 0
4 1
4 10
4 11
4 12
4 13
4 14
4 15
4 16
4 17
4 18
4 19
4 2
4 20
4 24
4 25
4 26
4 27
4 28
4 29
4 3
4 30
4 31
4 32
4 33
4 34
4 35
4 36
4 37
4 38
4 39
4 4
4 40
4 41
4 42
4 43
4 44
4 5
4 6
4 7
4 8
4 9
5 -1
5 -2
5 -3
5 -4
5 -5
5 -6
5 -7
5 0
5 1
5 10
5 11
5 12
5 13
5 14
5 15
5 16
5 17
5 18
5 19
5 2
5 20
5 25
5 26
5 27
5 28
5 29
5 3
5 30
5 31
5 32
5 33
5 34
5 35
5 36
5 37
5 38
5 39
5 4
5 40
5 41
5 42
5 43
5 44
5 45
5 46
5 47
5 48
5 5
5 6
5 7
5 8
5 9
6 -1
6 -2
6 -3
6 -4
6 -5
6 -6
6 -7
6 0
6 1
6 10
6 11
6 12
6 13
6 14
6 15
6 16
6 17
6 18
6 19
6 2
6 25
6 26
6 27
6 28
6 29
6 3
6 30
6 31
6 32
6 33
6 34
6 35
6 36
6 37
6 38
6 39
6 4
6 40
6 41
6 42
6 43
6 44
6 45
6 46
6 47
6 48
6 49
6 5
6 50
6 6
6 7
6 8
6 9
7 -1
7 -2
7 -3
7 -4
7 -5
7 -6
7 -7
7 -8
7 0
7 1
7 10
7 11
7 12
7 13
7 14
7 15
7 16
7 17
7 18
7 19
7 2
7 3
7 4
7 40
7 41
7 42
7 43
7 44
7 45
7 46
7 47
7 48
7 49
7 5
7 50
7 6
7 7
7 8
7 9
8 -1
8 -2
8 -3
8 -4
8 -5
8 -6
8 -7
8 -8
8 -9
8 0
8 1
8 10
8 11
8 12
8 13
8 14
8 15
8 16
8 17
8 18
8 19
8 2
8 3
8 4
8 41
8 42
8 43
8 44
8 45
8 46
8 47
8 48
8 49
8 5
8 50
8 6
8 7
8 8
8 9
9 -1
9 -10
9 -11
9 -2
9 -3
9 -4
9 -5
9 -6
9 -7
9 -8
9 -9
9 0
9 1
9 10
9 11
9 12
9 13
9 14
9 15
9 16
9 17
9 18
9 2
9 3
9 4
9 42
9 43
9 44
9 45
9 46
9 47
9 48
9 49
9 5
9 50
9 6
9 7
9 8
9 87
9 88
9 89
9 9
9 90
9 91
